0	0
0.01	0
0.02	0
0.03	0
0.04	0
0.05	0
0.06	0
0.07	0
0.08	0
0.09	0
0.1	0
0.11	0
0.12	0
0.13	0
0.14	0
0.15	0
0.16	0
0.17	0
0.18	0
0.19	0
0.2	0
0.21	0
0.22	0
0.23	0
0.24	0
0.25	0
0.26	0
0.27	0
0.28	0
0.29	0
0.3	0
0.31	0
0.32	0
0.33	0
0.34	0
0.35	0
0.36	0
0.37	0
0.38	0
0.39	0
0.4	0
0.41	0
0.42	0
0.43	0
0.44	0
0.45	0
0.46	0
0.47	0
0.48	0
0.49	0
0.5	0
0.51	0
0.52	0
0.53	0
0.54	0
0.55	0
0.56	0
0.57	0
0.58	0
0.59	0
0.6	0
0.61	0
0.62	0
0.63	0
0.64	0
0.65	0
0.66	0
0.67	0
0.68	0
0.69	0
0.7	0
0.71	0
0.72	0
0.73	0
0.74	0
0.75	0
0.76	0
0.77	0
0.78	0
0.79	0
0.8	0
0.81	0
0.82	0
0.83	0
0.839999	0
0.849999	0
0.859999	0
0.869999	0
0.879999	0
0.889999	0
0.899999	0
0.909999	0
0.919999	0
0.929999	0
0.939999	0
0.949999	0
0.959999	0
0.969999	0
0.979999	0
0.989999	0
0.999999	0
1.01	0
1.02	0.0826427
1.03	0.16392
1.04	0.243853
1.05	0.322465
1.06	0.399778
1.07	0.475813
1.08	0.550591
1.09	0.624133
1.1	0.69646
1.11	0.767591
1.12	0.837547
1.13	0.906346
1.14	0.974008
1.15	1.04055
1.16	1.106
1.17	1.17036
1.18	1.23366
1.19	1.29591
1.2	1.35713
1.21	1.41734
1.22	1.47656
1.23	1.5348
1.24	1.59207
1.25	1.6484
1.26	1.7038
1.27	1.75828
1.28	1.81186
1.29	1.86455
1.3	1.91638
1.31	1.96735
1.32	2.01747
1.33	2.06677
1.34	2.11525
1.35	2.16293
1.36	2.20982
1.37	2.25594
1.38	2.3013
1.39	2.3459
1.4	2.38977
1.41	2.43291
1.42	2.47534
1.43	2.51707
1.44	2.55811
1.45	2.59847
1.46	2.63817
1.47	2.6772
1.48	2.7156
1.49	2.75335
1.5	2.79049
1.51	2.82701
1.52	2.86292
1.53	2.89825
1.54	2.93299
1.55	2.96715
1.56	3.00075
1.57	3.0338
1.58	3.06629
1.59	3.09826
1.6	3.12969
1.61	3.1606
1.62	3.191
1.63	3.2209
1.64	3.25031
1.65	3.27923
1.66	3.30767
1.67	3.33564
1.68	3.36315
1.69	3.39021
1.7	3.41682
1.71	3.44298
1.72	3.46872
1.73	3.49403
1.74	3.51892
1.75	3.5434
1.76	3.56748
1.77	3.59115
1.78	3.61444
1.79	3.63734
1.8	3.65986
1.81	3.68201
1.82	3.7038
1.83	3.72522
1.84	3.74629
1.85	3.76701
1.86	3.78739
1.87	3.80744
1.88	3.82715
1.89	3.84653
1.9	3.8656
1.91	3.88435
1.92	3.90279
1.93	3.92092
1.94	3.93876
1.95	3.9563
1.96	3.97355
1.97	3.99052
1.98	4.0072
1.99	4.02361
2	4.03975
2.01	4.05562
2.02	4.07123
2.03	4.08658
2.04	4.10168
2.05	4.11653
2.06	4.13113
2.07	4.14549
2.08	4.15961
2.09	4.1735
2.1	4.18717
2.11	4.2006
2.12	4.21381
2.13	4.22681
2.14	4.23959
2.15	4.25216
2.16	4.26452
2.17	4.27667
2.18	4.28863
2.19	4.30039
2.2	4.31195
2.21	4.32332
2.22	4.33451
2.23	4.34551
2.24	4.35632
2.25	4.36696
2.26	4.37743
2.27	4.38772
2.28	4.39784
2.29	4.40779
2.3	4.41758
2.31	4.42721
2.32	4.43667
2.33	4.44598
2.34	4.45514
2.35	4.46415
2.36	4.473
2.37	4.48171
2.38	4.49028
2.39	4.4987
2.4	4.50699
2.41	4.51514
2.42	4.52315
2.43	4.53103
2.44	4.53879
2.45	4.54641
2.46	4.55391
2.47	4.56128
2.48	4.56853
2.49	4.57566
2.5	4.58268
2.51	4.58957
2.52	4.59636
2.53	4.60303
2.54	4.60959
2.55	4.61604
2.56	4.62239
2.57	4.62863
2.58	4.63477
2.59	4.64081
2.6	4.64674
2.61	4.65258
2.62	4.65832
2.63	4.66397
2.64	4.66953
2.65	4.67499
2.66	4.68036
2.67	4.68564
2.68	4.69084
2.69	4.69595
2.7	4.70097
2.71	4.70592
2.72	4.71078
2.73	4.71556
2.74	4.72026
2.75	4.72488
2.76	4.72943
2.77	4.7339
2.78	4.7383
2.79	4.74263
2.8	4.74688
2.81	4.75106
2.82	4.75518
2.83	4.75923
2.84	4.76321
2.85	4.76712
2.86	4.77097
2.87	4.77475
2.88	4.77848
2.89	4.78214
2.9	4.78574
2.91	4.78928
2.92	4.79276
2.93	4.79619
2.94	4.79956
2.95	4.80287
2.96	4.80613
2.97	4.80933
2.98	4.81248
2.99	4.81558
3	4.81863
3.01	4.82163
3.02	4.82458
3.03	4.82748
3.04	4.83033
3.05	4.83313
3.06	4.83589
3.07	4.8386
3.08	4.84127
3.09	4.84389
3.1	4.84648
3.11	4.84901
3.12	4.85151
3.13	4.85396
3.14	4.85638
3.15	4.85875
3.16	4.86108
3.17	4.86338
3.18	4.86564
3.19	4.86786
3.2	4.87004
3.21	4.87219
3.22	4.8743
3.23	4.87638
3.24	4.87843
3.25	4.88043
3.26	4.88241
3.27	4.88435
3.28	4.88627
3.29	4.88815
3.3	4.88999
3.31	4.89181
3.32	4.8936
3.33	4.89536
3.34	4.89709
3.35	4.89879
3.36	4.90046
3.37	4.90211
3.38	4.90373
3.39	4.90532
3.4	4.90688
3.41	4.90842
3.42	4.90993
3.43	4.91142
3.44	4.91289
3.45	4.91433
3.46	4.91574
3.47	4.91714
3.48	4.91851
3.49	4.91985
3.5	4.92118
3.51	4.92248
3.52	4.92376
3.53	4.92502
3.54	4.92626
3.55	4.92748
3.56	4.92868
3.57	4.92986
3.58	4.93102
3.59	4.93216
3.6	4.93328
3.61	4.93438
3.62	4.93547
3.63	4.93653
3.64	4.93758
3.65	4.93861
3.66	4.93963
3.67	4.94063
3.68	4.94161
3.69	4.94257
3.7	4.94352
3.71	4.94445
3.72	4.94537
3.73	4.94628
3.74	4.94716
3.75	4.94804
3.76	4.9489
3.77	4.94974
3.78	4.95057
3.79	4.95139
3.8	4.95219
3.81	4.95298
3.82	4.95376
3.83	4.95452
3.84	4.95528
3.85	4.95601
3.86	4.95674
3.87	4.95746
3.88	4.95816
3.89	4.95885
3.9	4.95953
3.91	4.9602
3.92	4.96086
3.93	4.9615
3.94	4.96214
3.95	4.96277
3.96	4.96338
3.97	4.96399
3.98	4.96458
3.99	4.96517
4	4.96574
4.01	4.96631
4.02	4.96687
4.03	4.96741
4.04	4.96795
4.05	4.96848
4.06	4.969
4.07	4.96952
4.08	4.97002
4.09	4.97052
4.1	4.971
4.11	4.97148
4.12	4.97195
4.13	4.97242
4.14	4.97287
4.15	4.97332
4.16	4.97376
4.17	4.9742
4.18	4.97462
4.19	4.97504
4.2	4.97545
4.21	4.97586
4.22	4.97626
4.23	4.97665
4.24	4.97704
4.25	4.97742
4.26	4.97779
4.27	4.97816
4.28	4.97852
4.29	4.97887
4.3	4.97922
4.31	4.97957
4.32	4.9799
4.33	4.98024
4.34	4.98056
4.35	4.98088
4.36	4.9812
4.37001	4.98151
4.38001	4.98182
4.39001	4.98212
4.40001	4.98241
4.41001	4.9827
4.42001	4.98299
4.43001	4.98327
4.44001	4.98355
4.45001	4.98382
4.46001	4.98409
4.47001	4.98435
4.48001	4.98461
4.49001	4.98486
4.50001	4.98511
4.51001	4.98536
4.52001	4.9856
4.53001	4.98584
4.54001	4.98607
4.55001	4.9863
4.56001	4.98653
4.57001	4.98675
4.58001	4.98697
4.59001	4.98719
4.60001	4.9874
4.61001	4.98761
4.62001	4.98781
4.63001	4.98801
4.64001	4.98821
4.65001	4.98841
4.66001	4.9886
4.67001	4.98879
4.68001	4.98897
4.69001	4.98915
4.70001	4.98933
4.71001	4.98951
4.72001	4.98968
4.73001	4.98985
4.74001	4.99002
4.75001	4.99019
4.76001	4.99035
4.77001	4.99051
4.78001	4.99066
4.79001	4.99082
4.80001	4.99097
4.81002	4.99112
4.82002	4.99127
4.83002	4.99141
4.84002	4.99155
4.85002	4.99169
4.86002	4.99183
4.87002	4.99196
4.88002	4.9921
4.89002	4.99223
4.90002	4.99236
4.91002	4.99248
4.92002	4.99261
4.93002	4.99273
4.94002	4.99285
4.95002	4.99297
4.96002	4.99308
4.97002	4.9932
4.98002	4.99331
4.99002	4.99342
5.00002	4.99353
5.01002	4.99364
5.02002	4.99364
5.03002	4.9111
5.04002	4.82993
5.05002	4.75009
5.06002	4.67158
5.07002	4.59437
5.08002	4.51843
5.09002	4.44375
5.10002	4.3703
5.11002	4.29806
5.12002	4.22702
5.13002	4.15716
5.14002	4.08844
5.15002	4.02087
5.16002	3.95441
5.17002	3.88905
5.18002	3.82477
5.19002	3.76155
5.20002	3.69938
5.21002	3.63823
5.22002	3.5781
5.23002	3.51896
5.24003	3.46079
5.25003	3.40359
5.26003	3.34733
5.27003	3.29201
5.28003	3.2376
5.29003	3.18408
5.30003	3.13145
5.31003	3.0797
5.32003	3.02879
5.33003	2.97873
5.34003	2.9295
5.35003	2.88108
5.36003	2.83346
5.37003	2.78662
5.38003	2.74057
5.39003	2.69527
5.40003	2.65072
5.41003	2.60691
5.42003	2.56382
5.43003	2.52144
5.44003	2.47977
5.45003	2.43878
5.46003	2.39847
5.47003	2.35883
5.48003	2.31984
5.49003	2.2815
5.50003	2.24379
5.51003	2.2067
5.52003	2.17023
5.53003	2.13436
5.54003	2.09908
5.55003	2.06438
5.56003	2.03026
5.57003	1.9967
5.58003	1.9637
5.59003	1.93124
5.60003	1.89932
5.61003	1.86793
5.62003	1.83706
5.63003	1.80669
5.64003	1.77683
5.65003	1.74746
5.66003	1.71858
5.67003	1.69017
5.68004	1.66224
5.69004	1.63476
5.70004	1.60774
5.71004	1.58117
5.72004	1.55504
5.73004	1.52933
5.74004	1.50406
5.75004	1.4792
5.76004	1.45475
5.77004	1.4307
5.78004	1.40705
5.79004	1.3838
5.80004	1.36093
5.81004	1.33843
5.82004	1.31631
5.83004	1.29455
5.84004	1.27316
5.85004	1.25211
5.86004	1.23142
5.87004	1.21106
5.88004	1.19105
5.89004	1.17136
5.90004	1.152
5.91004	1.13296
5.92004	1.11423
5.93004	1.09582
5.94004	1.0777
5.95004	1.05989
5.96004	1.04237
5.97004	1.02514
5.98004	1.0082
5.99004	0.991535
6.00004	0.975146
6.01004	0.959028
6.02004	0.943177
6.03004	0.927588
6.04004	0.912256
6.05004	0.897178
6.06004	0.882349
6.07004	0.867765
6.08004	0.853422
6.09004	0.839316
6.10004	0.825443
6.11004	0.8118
6.12005	0.798382
6.13005	0.785186
6.14005	0.772208
6.15005	0.759445
6.16005	0.746892
6.17005	0.734547
6.18005	0.722406
6.19005	0.710466
6.20005	0.698723
6.21005	0.687174
6.22005	0.675816
6.23005	0.664646
6.24005	0.65366
6.25005	0.642856
6.26005	0.632231
6.27005	0.621781
6.28005	0.611504
6.29005	0.601396
6.30005	0.591456
6.31005	0.58168
6.32005	0.572066
6.33005	0.562611
6.34005	0.553311
6.35005	0.544166
6.36005	0.535172
6.37005	0.526326
6.38005	0.517627
6.39005	0.509071
6.40005	0.500657
6.41005	0.492382
6.42005	0.484244
6.43005	0.47624
6.44005	0.468368
6.45005	0.460627
6.46005	0.453013
6.47005	0.445526
6.48005	0.438162
6.49005	0.430919
6.50005	0.423797
6.51005	0.416792
6.52005	0.409903
6.53005	0.403128
6.54005	0.396465
6.55006	0.389912
6.56006	0.383467
6.57006	0.377129
6.58006	0.370896
6.59006	0.364766
6.60006	0.358737
6.61006	0.352807
6.62006	0.346976
6.63006	0.341241
6.64006	0.335601
6.65006	0.330054
6.66006	0.324598
6.67006	0.319233
6.68006	0.313957
6.69006	0.308767
6.70006	0.303664
6.71006	0.298645
6.72006	0.293709
6.73006	0.288854
6.74006	0.28408
6.75006	0.279384
6.76006	0.274767
6.77006	0.270225
6.78006	0.265759
6.79006	0.261366
6.80006	0.257046
6.81006	0.252797
6.82006	0.248619
6.83006	0.24451
6.84006	0.240468
6.85006	0.236494
6.86006	0.232585
6.87006	0.228741
6.88006	0.22496
6.89006	0.221242
6.90006	0.217585
6.91006	0.213988
6.92006	0.210452
6.93006	0.206973
6.94006	0.203552
6.95006	0.200188
6.96006	0.196879
6.97006	0.193625
6.98006	0.190424
6.99007	0.187277
7.00007	0.184182
7.01007	0.181137
7.02007	0.178143
7.03007	0.175199
7.04007	0.172303
7.05007	0.169455
7.06007	0.166654
7.07007	0.1639
7.08007	0.161191
7.09007	0.158527
7.10007	0.155906
7.11007	0.153329
7.12007	0.150795
7.13007	0.148303
7.14007	0.145851
7.15007	0.143441
7.16007	0.14107
7.17007	0.138738
7.18007	0.136445
7.19007	0.13419
7.20007	0.131972
7.21007	0.129791
7.22007	0.127645
7.23007	0.125536
7.24007	0.123461
7.25007	0.12142
7.26007	0.119413
7.27007	0.117439
7.28007	0.115498
7.29007	0.113589
7.30007	0.111712
7.31007	0.109865
7.32007	0.108049
7.33007	0.106264
7.34007	0.104507
7.35007	0.10278
7.36007	0.101081
7.37007	0.0994103
7.38007	0.0977672
7.39007	0.0961513
7.40007	0.094562
7.41007	0.092999
7.42007	0.0914619
7.43008	0.0899502
7.44008	0.0884634
7.45008	0.0870012
7.46008	0.0855633
7.47008	0.084149
7.48008	0.0827582
7.49008	0.0813903
7.50008	0.080045
7.51008	0.078722
7.52008	0.0774208
7.53008	0.0761412
7.54008	0.0748827
7.55008	0.073645
7.56008	0.0724277
7.57008	0.0712306
7.58008	0.0700533
7.59008	0.0688954
7.60008	0.0677567
7.61008	0.0666367
7.62008	0.0655353
7.63008	0.0644521
7.64008	0.0633868
7.65008	0.0623391
7.66008	0.0613088
7.67008	0.0602954
7.68008	0.0592988
7.69008	0.0583187
7.70008	0.0573548
7.71008	0.0564068
7.72008	0.0554745
7.73008	0.0545576
7.74008	0.0536558
7.75008	0.0527689
7.76008	0.0518968
7.77008	0.051039
7.78008	0.0501954
7.79008	0.0493657
7.80008	0.0485498
7.81008	0.0477473
7.82008	0.0469581
7.83008	0.046182
7.84008	0.0454187
7.85008	0.044668
7.86009	0.0439297
7.87009	0.0432036
7.88009	0.0424895
7.89009	0.0417872
7.90009	0.0410965
7.91009	0.0404172
7.92009	0.0397492
7.93009	0.0390922
7.94009	0.0384461
7.95009	0.0378106
7.96009	0.0371857
7.97009	0.036571
7.98009	0.0359666
7.99009	0.0353721
8.00009	0.0347875
8.01009	0.0342125
8.02009	0.033647
8.03009	0.0330908
8.04009	0.0325439
8.05009	0.032006
8.06009	0.031477
8.07009	0.0309567
8.08009	0.0304451
8.09009	0.0299418
8.10009	0.0294469
8.11009	0.0289602
8.12009	0.0284816
8.13009	0.0280108
8.14009	0.0275478
8.15009	0.0270925
8.16009	0.0266447
8.17009	0.0262043
8.18009	0.0257712
8.19009	0.0253452
8.20009	0.0249263
8.21009	0.0245143
8.22009	0.0241091
8.23009	0.0237106
8.24009	0.0233187
8.25009	0.0229333
8.26009	0.0225543
8.27009	0.0221815
8.28009	0.0218148
8.29009	0.0214543
8.30009	0.0210997
8.31009	0.0207509
8.3201	0.0204079
8.3301	0.0200706
8.3401	0.0197389
8.3501	0.0194126
8.3601	0.0190918
8.3701	0.0187762
8.3801	0.0184659
8.3901	0.0181607
8.4001	0.0178605
8.4101	0.0175653
8.4201	0.0172749
8.4301	0.0169894
8.4401	0.0167086
8.4501	0.0164324
8.4601	0.0161608
8.4701	0.0158937
8.4801	0.015631
8.4901	0.0153727
8.5001	0.0151186
8.5101	0.0148687
8.5201	0.0146229
8.5301	0.0143812
8.5401	0.0141435
8.5501	0.0139098
8.5601	0.0136799
8.5701	0.0134537
8.5801	0.0132314
8.5901	0.0130127
8.6001	0.0127976
8.6101	0.0125861
8.6201	0.012378
8.6301	0.0121735
8.6401	0.0119722
8.6501	0.0117744
8.6601	0.0115798
8.6701	0.0113884
8.6801	0.0112001
8.6901	0.011015
8.7001	0.0108329
8.7101	0.0106539
8.7201	0.0104778
8.7301	0.0103046
8.7401	0.0101343
8.7501	0.00996678
8.76011	0.00980205
8.77011	0.00964003
8.78011	0.0094807
8.79011	0.00932399
8.80011	0.00916988
8.81011	0.00901832
8.82011	0.00886926
8.83011	0.00872266
8.84011	0.00857849
8.85011	0.0084367
8.86011	0.00829726
8.87011	0.00816011
8.88011	0.00802524
8.89011	0.00789259
8.90011	0.00776214
8.91011	0.00763384
8.92011	0.00750767
8.93011	0.00738358
8.94011	0.00726154
8.95011	0.00714151
8.96011	0.00702348
8.97011	0.00690739
8.98011	0.00679322
8.99011	0.00668094
9.00011	0.00657051
9.01011	0.00646191
9.02011	0.0063551
9.03011	0.0063551
9.04011	0.0888928
9.05011	0.170066
9.06011	0.249898
9.07011	0.32841
9.08011	0.405625
9.09011	0.481563
9.10011	0.556246
9.11011	0.629695
9.12011	0.70193
9.13011	0.772971
9.14011	0.842838
9.15011	0.911549
9.16011	0.979125
9.17011	1.04558
9.18011	1.11095
9.19011	1.17523
9.20012	1.23844
9.21012	1.30062
9.22012	1.36176
9.23012	1.4219
9.24012	1.48104
9.25012	1.5392
9.26012	1.5964
9.27012	1.65266
9.28012	1.70799
9.29012	1.7624
9.30012	1.81591
9.31012	1.86854
9.32012	1.9203
9.33012	1.9712
9.34012	2.02126
9.35012	2.0705
9.36012	2.11892
9.37012	2.16654
9.38012	2.21337
9.39012	2.25943
9.40012	2.30473
9.41012	2.34928
9.42012	2.39309
9.43012	2.43618
9.44012	2.47855
9.45012	2.52023
9.46012	2.56122
9.47012	2.60153
9.48012	2.64117
9.49012	2.68016
9.50012	2.7185
9.51012	2.75621
9.52012	2.7933
9.53012	2.82977
9.54012	2.86564
9.55012	2.90092
9.56012	2.93561
9.57012	2.96973
9.58012	3.00329
9.59012	3.03629
9.60012	3.06875
9.61012	3.10067
9.62012	3.13207
9.63013	3.16294
9.64013	3.1933
9.65013	3.22317
9.66013	3.25253
9.67013	3.28142
9.68013	3.30982
9.69013	3.33776
9.70013	3.36523
9.71013	3.39225
9.72013	3.41883
9.73013	3.44496
9.74013	3.47066
9.75013	3.49594
9.76013	3.5208
9.77013	3.54525
9.78013	3.5693
9.79013	3.59294
9.80013	3.6162
9.81013	3.63907
9.82013	3.66157
9.83013	3.68369
9.84013	3.70545
9.85013	3.72684
9.86013	3.74789
9.87013	3.76858
9.88013	3.78893
9.89013	3.80895
9.90013	3.82864
9.91013	3.848
9.92013	3.86704
9.93013	3.88577
9.94013	3.90418
9.95013	3.9223
9.96013	3.94011
9.97013	3.95763
9.98013	3.97486
9.99013	3.9918
10.0001	4.00846
10.0101	4.02485
10.0201	4.04097
10.0301	4.05682
10.0401	4.07241
10.0501	4.08774
10.0601	4.10282
10.0701	4.11765
10.0801	4.13223
10.0901	4.14658
10.1001	4.16068
10.1101	4.17456
10.1201	4.1882
10.1301	4.20162
10.1401	4.21481
10.1501	4.22779
10.1601	4.24055
10.1701	4.25311
10.1801	4.26545
10.1901	4.27759
10.2001	4.28953
10.2101	4.30128
10.2201	4.31282
10.2301	4.32418
10.2401	4.33535
10.2501	4.34634
10.2601	4.35714
10.2701	4.36777
10.2801	4.37822
10.2901	4.3885
10.3001	4.3986
10.3101	4.40854
10.3201	4.41832
10.3301	4.42793
10.3401	4.43739
10.3501	4.44669
10.3601	4.45583
10.3701	4.46483
10.3801	4.47367
10.3901	4.48237
10.4001	4.49093
10.4101	4.49934
10.4201	4.50762
10.4301	4.51576
10.4401	4.52376
10.4501	4.53163
10.4601	4.53937
10.4701	4.54699
10.4801	4.55447
10.4901	4.56184
10.5001	4.56908
10.5101	4.5762
10.5201	4.58321
10.5301	4.5901
10.5401	4.59687
10.5501	4.60353
10.5601	4.61009
10.5701	4.61653
10.5801	4.62287
10.5901	4.6291
10.6001	4.63523
10.6101	4.64126
10.6201	4.64719
10.6301	4.65302
10.6401	4.65876
10.6501	4.6644
10.6601	4.66995
10.6701	4.6754
10.6801	4.68077
10.6901	4.68604
10.7001	4.69123
10.7101	4.69634
10.7201	4.70135
10.7302	4.70629
10.7402	4.71115
10.7502	4.71592
10.7602	4.72062
10.7702	4.72523
10.7802	4.72977
10.7902	4.73424
10.8002	4.73863
10.8102	4.74295
10.8202	4.7472
10.8302	4.75138
10.8402	4.75549
10.8502	4.75953
10.8602	4.76351
10.8702	4.76741
10.8802	4.77126
10.8902	4.77504
10.9002	4.77876
10.9102	4.78241
10.9202	4.78601
10.9302	4.78955
10.9402	4.79303
10.9502	4.79645
10.9602	4.79981
10.9702	4.80312
10.9802	4.80638
10.9902	4.80958
11.0002	4.81272
11.0102	4.81582
11.0202	4.81886
11.0302	4.82186
11.0402	4.8248
11.0502	4.8277
11.0602	4.83054
11.0702	4.83335
11.0802	4.8361
11.0902	4.83881
11.1002	4.84147
11.1102	4.84409
11.1202	4.84667
11.1302	4.8492
11.1402	4.8517
11.1502	4.85415
11.1602	4.85656
11.1702	4.85893
11.1802	4.86126
11.1902	4.86355
11.2002	4.86581
11.2102	4.86803
11.2202	4.87021
11.2302	4.87235
11.2402	4.87446
11.2502	4.87654
11.2602	4.87858
11.2702	4.88059
11.2802	4.88256
11.2902	4.8845
11.3002	4.88641
11.3102	4.88829
11.3202	4.89013
11.3302	4.89195
11.3402	4.89374
11.3502	4.89549
11.3602	4.89722
11.3702	4.89892
11.3802	4.90059
11.3902	4.90223
11.4002	4.90385
11.4102	4.90544
11.4202	4.907
11.4302	4.90854
11.4402	4.91005
11.4502	4.91154
11.4602	4.913
11.4702	4.91444
11.4802	4.91585
11.4902	4.91724
11.5002	4.91861
11.5102	4.91995
11.5202	4.92128
11.5302	4.92258
11.5402	4.92386
11.5502	4.92512
11.5602	4.92635
11.5702	4.92757
11.5802	4.92877
11.5902	4.92995
11.6002	4.9311
11.6102	4.93224
11.6202	4.93336
11.6302	4.93446
11.6402	4.93555
11.6502	4.93661
11.6602	4.93766
11.6702	4.93869
11.6802	4.9397
11.6902	4.9407
11.7002	4.94168
11.7102	4.94265
11.7202	4.94359
11.7302	4.94453
11.7402	4.94544
11.7502	4.94634
11.7602	4.94723
11.7702	4.9481
11.7802	4.94896
11.7902	4.9498
11.8002	4.95063
11.8102	4.95145
11.8202	4.95225
11.8302	4.95304
11.8402	4.95382
11.8502	4.95458
11.8602	4.95533
11.8702	4.95607
11.8802	4.9568
11.8902	4.95751
11.9002	4.95821
11.9102	4.9589
11.9202	4.95958
11.9302	4.96025
11.9402	4.96091
11.9502	4.96155
11.9602	4.96219
11.9702	4.96281
11.9802	4.96343
11.9902	4.96403
12.0002	4.96463
12.0102	4.96521
12.0202	4.96579
12.0302	4.96635
12.0402	4.96691
12.0502	4.96746
12.0602	4.96799
12.0702	4.96852
12.0802	4.96904
12.0902	4.96955
12.1002	4.97006
12.1102	4.97055
12.1202	4.97104
12.1302	4.97152
12.1402	4.97199
12.1502	4.97245
12.1602	4.97291
12.1702	4.97336
12.1802	4.9738
12.1902	4.97423
12.2002	4.97465
12.2102	4.97507
12.2202	4.97549
12.2302	4.97589
12.2402	4.97629
12.2502	4.97668
12.2602	4.97707
12.2702	4.97745
12.2802	4.97782
12.2902	4.97819
12.3002	4.97855
12.3102	4.9789
12.3202	4.97925
12.3302	4.97959
12.3402	4.97993
12.3502	4.98026
12.3602	4.98059
12.3702	4.98091
12.3802	4.98122
12.3902	4.98153
12.4002	4.98184
12.4102	4.98214
12.4202	4.98243
12.4302	4.98273
12.4402	4.98301
12.4502	4.98329
12.4602	4.98357
12.4702	4.98384
12.4802	4.98411
12.4902	4.98437
12.5002	4.98463
12.5102	4.98488
12.5202	4.98513
12.5302	4.98538
12.5402	4.98562
12.5502	4.98586
12.5602	4.98609
12.5702	4.98632
12.5802	4.98655
12.5902	4.98677
12.6002	4.98699
12.6102	4.9872
12.6202	4.98741
12.6302	4.98762
12.6402	4.98783
12.6502	4.98803
12.6602	4.98823
12.6702	4.98842
12.6802	4.98861
12.6902	4.9888
12.7002	4.98899
12.7102	4.98917
12.7202	4.98935
12.7302	4.98952
12.7402	4.9897
12.7502	4.98987
12.7602	4.99003
12.7702	4.9902
12.7802	4.99036
12.7902	4.99052
12.8002	4.99068
12.8102	4.99083
12.8202	4.99098
12.8302	4.99113
12.8402	4.99128
12.8502	4.99142
12.8602	4.99156
12.8702	4.9917
12.8802	4.99184
12.8902	4.99197
12.9002	4.99211
12.9102	4.99224
12.9202	4.99237
12.9302	4.99249
12.9402	4.99262
12.9502	4.99274
12.9602	4.99286
12.9702	4.99298
12.9802	4.99309
12.9902	4.99321
13.0002	4.99332
13.0102	4.99343
13.0202	4.99354
13.0302	4.99364
13.0402	4.99364
13.0502	4.91111
13.0602	4.82993
13.0702	4.7501
13.0802	4.67159
13.0902	4.59437
13.1002	4.51844
13.1102	4.44375
13.1202	4.3703
13.1302	4.29807
13.1402	4.22703
13.1502	4.15716
13.1602	4.08845
13.1702	4.02087
13.1802	3.95442
13.1902	3.88905
13.2002	3.82477
13.2102	3.76156
13.2202	3.69938
13.2302	3.63824
13.2402	3.5781
13.2502	3.51896
13.2602	3.4608
13.2702	3.4036
13.2802	3.34734
13.2902	3.29201
13.3002	3.2376
13.3102	3.18409
13.3202	3.13146
13.3302	3.0797
13.3402	3.0288
13.3502	2.97874
13.3602	2.9295
13.3702	2.88108
13.3802	2.83346
13.3902	2.78663
13.4002	2.74057
13.4102	2.69527
13.4202	2.65072
13.4302	2.60691
13.4402	2.56382
13.4502	2.52145
13.4602	2.47977
13.4702	2.43878
13.4802	2.39847
13.4902	2.35883
13.5002	2.31984
13.5102	2.2815
13.5202	2.24379
13.5302	2.2067
13.5402	2.17023
13.5502	2.13436
13.5602	2.09908
13.5702	2.06439
13.5802	2.03027
13.5902	1.99671
13.6002	1.96371
13.6102	1.93125
13.6202	1.89933
13.6302	1.86793
13.6402	1.83706
13.6502	1.8067
13.6602	1.77683
13.6702	1.74747
13.6802	1.71858
13.6902	1.69018
13.7002	1.66224
13.7102	1.63477
13.7202	1.60775
13.7302	1.58117
13.7402	1.55504
13.7502	1.52934
13.7602	1.50406
13.7702	1.4792
13.7802	1.45475
13.7902	1.4307
13.8002	1.40706
13.8102	1.3838
13.8202	1.36093
13.8302	1.33843
13.8402	1.31631
13.8502	1.29455
13.8602	1.27316
13.8702	1.25211
13.8802	1.23142
13.8902	1.21107
13.9002	1.19105
13.9102	1.17136
13.9202	1.152
13.9302	1.13296
13.9402	1.11423
13.9502	1.09582
13.9602	1.0777
13.9702	1.05989
13.9802	1.04237
13.9902	1.02514
14.0002	1.0082
14.0102	0.991536
14.0202	0.975148
14.0302	0.95903
14.0402	0.943179
14.0502	0.927589
14.0602	0.912257
14.0702	0.897179
14.0802	0.88235
14.0902	0.867766
14.1002	0.853423
14.1102	0.839317
14.1202	0.825445
14.1302	0.811801
14.1402	0.798383
14.1502	0.785187
14.1602	0.772209
14.1702	0.759446
14.1802	0.746893
14.1902	0.734548
14.2002	0.722407
14.2102	0.710467
14.2202	0.698724
14.2302	0.687175
14.2402	0.675817
14.2502	0.664647
14.2602	0.653661
14.2702	0.642857
14.2802	0.632232
14.2902	0.621782
14.3002	0.611505
14.3102	0.601397
14.3202	0.591457
14.3302	0.581681
14.3402	0.572067
14.3502	0.562612
14.3602	0.553312
14.3702	0.544167
14.3802	0.535173
14.3902	0.526327
14.4002	0.517628
14.4102	0.509072
14.4202	0.500658
14.4302	0.492383
14.4402	0.484244
14.4502	0.47624
14.4602	0.468369
14.4702	0.460627
14.4802	0.453014
14.4902	0.445526
14.5002	0.438162
14.5102	0.43092
14.5202	0.423798
14.5302	0.416793
14.5402	0.409904
14.5502	0.403129
14.5602	0.396466
14.5702	0.389913
14.5802	0.383468
14.5902	0.37713
14.6002	0.370897
14.6102	0.364766
14.6202	0.358737
14.6302	0.352808
14.6402	0.346976
14.6502	0.341241
14.6602	0.335601
14.6702	0.330054
14.6802	0.324599
14.6902	0.319234
14.7002	0.313957
14.7102	0.308768
14.7202	0.303664
14.7302	0.298645
14.7402	0.293709
14.7502	0.288855
14.7602	0.28408
14.7702	0.279385
14.7802	0.274767
14.7902	0.270225
14.8002	0.265759
14.8102	0.261366
14.8202	0.257046
14.8302	0.252798
14.8402	0.248619
14.8502	0.24451
14.8602	0.240469
14.8702	0.236494
14.8802	0.232585
14.8902	0.228741
14.9002	0.22496
14.9102	0.221242
14.9202	0.217585
14.9302	0.213989
14.9402	0.210452
14.9502	0.206973
14.9602	0.203552
14.9702	0.200188
14.9802	0.196879
14.9902	0.193625
15.0002	0.190425
15.0102	0.187277
15.0202	0.184182
15.0302	0.181138
15.0402	0.178144
15.0502	0.175199
15.0602	0.172303
15.0702	0.169455
15.0802	0.166655
15.0903	0.1639
15.1003	0.161191
15.1103	0.158527
15.1203	0.155907
15.1303	0.15333
15.1403	0.150795
15.1503	0.148303
15.1603	0.145852
15.1703	0.143441
15.1803	0.14107
15.1903	0.138738
15.2003	0.136445
15.2103	0.13419
15.2203	0.131972
15.2303	0.129791
15.2403	0.127646
15.2503	0.125536
15.2603	0.123461
15.2703	0.12142
15.2803	0.119413
15.2903	0.11744
15.3003	0.115498
15.3103	0.113589
15.3203	0.111712
15.3303	0.109866
15.3403	0.10805
15.3503	0.106264
15.3603	0.104507
15.3703	0.10278
15.3803	0.101081
15.3903	0.0994105
15.4003	0.0977674
15.4103	0.0961514
15.4203	0.0945622
15.4303	0.0929992
15.4403	0.0914621
15.4503	0.0899503
15.4603	0.0884636
15.4703	0.0870014
15.4803	0.0855634
15.4903	0.0841491
15.5003	0.0827583
15.5103	0.0813904
15.5203	0.0800452
15.5303	0.0787221
15.5403	0.077421
15.5503	0.0761413
15.5603	0.0748828
15.5703	0.0736451
15.5803	0.0724279
15.5903	0.0712307
15.6003	0.0700534
15.6103	0.0688955
15.6203	0.0677568
15.6303	0.0666368
15.6403	0.0655354
15.6503	0.0644522
15.6603	0.0633869
15.6703	0.0623392
15.6803	0.0613089
15.6903	0.0602955
15.7003	0.0592989
15.7103	0.0583188
15.7203	0.0573549
15.7303	0.0564069
15.7403	0.0554746
15.7503	0.0545576
15.7603	0.0536559
15.7703	0.052769
15.7803	0.0518968
15.7903	0.0510391
15.8003	0.0501955
15.8103	0.0493658
15.8203	0.0485499
15.8303	0.0477474
15.8403	0.0469582
15.8503	0.0461821
15.8603	0.0454187
15.8703	0.044668
15.8803	0.0439297
15.8903	0.0432036
15.9003	0.0424896
15.9103	0.0417873
15.9203	0.0410966
15.9303	0.0404173
15.9403	0.0397493
15.9503	0.0390923
15.9603	0.0384461
15.9703	0.0378107
15.9803	0.0371857
15.9903	0.0365711
16.0003	0.0359666
16.0103	0.0353722
16.0203	0.0347875
16.0303	0.0342125
16.0403	0.033647
16.0503	0.0330909
16.0603	0.032544
16.0703	0.0320061
16.0803	0.031477
16.0903	0.0309568
16.1003	0.0304451
16.1103	0.0299419
16.1203	0.029447
16.1303	0.0289603
16.1403	0.0284816
16.1503	0.0280108
16.1603	0.0275479
16.1703	0.0270925
16.1803	0.0266447
16.1903	0.0262043
16.2003	0.0257712
16.2103	0.0253453
16.2203	0.0249263
16.2303	0.0245143
16.2403	0.0241092
16.2503	0.0237107
16.2603	0.0233188
16.2703	0.0229333
16.2803	0.0225543
16.2903	0.0221815
16.3003	0.0218149
16.3103	0.0214543
16.3203	0.0210997
16.3303	0.0207509
16.3403	0.020408
16.3503	0.0200707
16.3603	0.0197389
16.3703	0.0194127
16.3803	0.0190918
16.3903	0.0187762
16.4003	0.0184659
16.4103	0.0181607
16.4203	0.0178605
16.4303	0.0175653
16.4403	0.017275
16.4503	0.0169894
16.4603	0.0167086
16.4703	0.0164325
16.4803	0.0161609
16.4903	0.0158937
16.5003	0.015631
16.5103	0.0153727
16.5203	0.0151186
16.5303	0.0148687
16.5403	0.014623
16.5503	0.0143813
16.5603	0.0141436
16.5703	0.0139098
16.5803	0.0136799
16.5903	0.0134538
16.6003	0.0132314
16.6103	0.0130127
16.6203	0.0127976
16.6303	0.0125861
16.6403	0.0123781
16.6503	0.0121735
16.6603	0.0119723
16.6703	0.0117744
16.6803	0.0115798
16.6903	0.0113884
16.7003	0.0112001
16.7103	0.011015
16.7203	0.010833
16.7303	0.0106539
16.7403	0.0104778
16.7503	0.0103046
16.7603	0.0101343
16.7703	0.0099668
16.7803	0.00980206
16.7903	0.00964005
16.8003	0.00948071
16.8103	0.00932401
16.8203	0.0091699
16.8303	0.00901833
16.8403	0.00886928
16.8503	0.00872268
16.8603	0.00857851
16.8703	0.00843671
16.8803	0.00829727
16.8903	0.00816013
16.9003	0.00802525
16.9103	0.0078926
16.9203	0.00776215
16.9303	0.00763386
16.9403	0.00750768
16.9503	0.00738359
16.9603	0.00726155
16.9703	0.00714153
16.9803	0.00702349
16.9903	0.0069074
17.0003	0.00679323
17.0103	0.00668095
17.0203	0.00657052
17.0303	0.00646192
17.0403	0.00635512
17.0503	0.00635512
17.0603	0.0888928
17.0703	0.170066
17.0803	0.249898
17.0903	0.32841
17.1003	0.405625
17.1103	0.481563
17.1203	0.556246
17.1303	0.629695
17.1403	0.70193
17.1503	0.772971
17.1603	0.842838
17.1703	0.911549
17.1803	0.979125
17.1903	1.04558
17.2003	1.11095
17.2103	1.17523
17.2203	1.23844
17.2303	1.30062
17.2403	1.36176
17.2503	1.4219
17.2603	1.48104
17.2703	1.5392
17.2803	1.5964
17.2903	1.65266
17.3003	1.70799
17.3103	1.7624
17.3203	1.81591
17.3303	1.86854
17.3403	1.9203
17.3503	1.9712
17.3603	2.02126
17.3703	2.0705
17.3803	2.11892
17.3903	2.16654
17.4003	2.21337
17.4103	2.25943
17.4203	2.30473
17.4303	2.34928
17.4403	2.39309
17.4503	2.43618
17.4603	2.47855
17.4703	2.52023
17.4803	2.56122
17.4903	2.60153
17.5003	2.64117
17.5103	2.68016
17.5203	2.7185
17.5303	2.75621
17.5403	2.7933
17.5503	2.82977
17.5603	2.86564
17.5703	2.90092
17.5803	2.93561
17.5903	2.96973
17.6003	3.00329
17.6103	3.03629
17.6203	3.06875
17.6303	3.10067
17.6403	3.13207
17.6503	3.16294
17.6603	3.1933
17.6703	3.22317
17.6803	3.25253
17.6903	3.28142
17.7003	3.30982
17.7103	3.33776
17.7203	3.36523
17.7303	3.39225
17.7403	3.41883
17.7503	3.44496
17.7603	3.47066
17.7703	3.49594
17.7803	3.5208
17.7903	3.54525
17.8003	3.5693
17.8103	3.59294
17.8203	3.6162
17.8303	3.63907
17.8403	3.66157
17.8503	3.68369
17.8603	3.70545
17.8703	3.72684
17.8803	3.74789
17.8903	3.76858
17.9003	3.78893
17.9103	3.80895
17.9203	3.82864
17.9303	3.848
17.9403	3.86704
17.9503	3.88577
17.9603	3.90418
17.9703	3.9223
17.9803	3.94011
17.9903	3.95763
18.0003	3.97486
18.0103	3.9918
18.0203	4.00846
18.0303	4.02485
18.0403	4.04097
18.0503	4.05682
18.0603	4.07241
18.0703	4.08774
18.0803	4.10282
18.0903	4.11765
18.1003	4.13223
18.1103	4.14658
18.1203	4.16068
18.1303	4.17456
18.1403	4.1882
18.1503	4.20162
18.1603	4.21481
18.1703	4.22779
18.1803	4.24055
18.1903	4.25311
18.2003	4.26545
18.2103	4.27759
18.2203	4.28953
18.2303	4.30128
18.2403	4.31282
18.2503	4.32418
18.2603	4.33535
18.2703	4.34634
18.2803	4.35714
18.2903	4.36777
18.3003	4.37822
18.3103	4.3885
18.3203	4.3986
18.3303	4.40854
18.3403	4.41832
18.3503	4.42793
18.3603	4.43739
18.3703	4.44669
18.3803	4.45583
18.3903	4.46483
18.4003	4.47367
18.4103	4.48237
18.4203	4.49093
18.4303	4.49934
18.4403	4.50762
18.4503	4.51576
18.4603	4.52376
18.4703	4.53163
18.4803	4.53937
18.4903	4.54699
18.5003	4.55447
18.5103	4.56184
18.5203	4.56908
18.5303	4.5762
18.5403	4.58321
18.5503	4.5901
18.5603	4.59687
18.5703	4.60353
18.5803	4.61009
18.5903	4.61653
18.6003	4.62287
18.6103	4.6291
18.6203	4.63523
18.6303	4.64126
18.6403	4.64719
18.6503	4.65302
18.6603	4.65876
18.6703	4.6644
18.6803	4.66995
18.6903	4.6754
18.7003	4.68077
18.7103	4.68604
18.7203	4.69123
18.7303	4.69634
18.7403	4.70135
18.7503	4.70629
18.7603	4.71115
18.7703	4.71592
18.7803	4.72062
18.7903	4.72523
18.8003	4.72977
18.8103	4.73424
18.8203	4.73863
18.8303	4.74295
18.8403	4.7472
18.8503	4.75138
18.8603	4.75549
18.8703	4.75953
18.8803	4.76351
18.8903	4.76741
18.9003	4.77126
18.9103	4.77504
18.9203	4.77876
18.9303	4.78241
18.9403	4.78601
18.9503	4.78955
18.9603	4.79303
18.9703	4.79645
18.9803	4.79981
18.9903	4.80312
19.0003	4.80638
19.0103	4.80958
19.0203	4.81272
19.0303	4.81582
19.0403	4.81886
19.0503	4.82186
19.0603	4.8248
19.0703	4.8277
19.0803	4.83054
19.0903	4.83335
19.1003	4.8361
19.1103	4.83881
19.1203	4.84147
19.1303	4.84409
19.1403	4.84667
19.1503	4.8492
19.1603	4.8517
19.1703	4.85415
19.1803	4.85656
19.1903	4.85893
19.2003	4.86126
19.2103	4.86355
19.2203	4.86581
19.2303	4.86803
19.2403	4.87021
19.2503	4.87235
19.2603	4.87446
19.2703	4.87654
19.2803	4.87858
19.2903	4.88059
19.3003	4.88256
19.3103	4.8845
19.3203	4.88641
19.3303	4.88829
19.3403	4.89013
19.3503	4.89195
19.3603	4.89374
19.3703	4.89549
19.3803	4.89722
19.3903	4.89892
19.4003	4.90059
19.4103	4.90223
19.4203	4.90385
19.4303	4.90544
19.4403	4.907
19.4503	4.90854
19.4604	4.91005
19.4704	4.91154
19.4804	4.913
19.4904	4.91444
19.5004	4.91585
19.5104	4.91724
19.5204	4.91861
19.5304	4.91995
19.5404	4.92128
19.5504	4.92258
19.5604	4.92386
19.5704	4.92512
19.5804	4.92635
19.5904	4.92757
19.6004	4.92877
19.6104	4.92995
19.6204	4.9311
19.6304	4.93224
19.6404	4.93336
19.6504	4.93446
19.6604	4.93555
19.6704	4.93661
19.6804	4.93766
19.6904	4.93869
19.7004	4.9397
19.7104	4.9407
19.7204	4.94168
19.7304	4.94265
19.7404	4.94359
19.7504	4.94453
19.7604	4.94544
19.7704	4.94634
19.7804	4.94723
19.7904	4.9481
19.8004	4.94896
19.8104	4.9498
19.8204	4.95063
19.8304	4.95145
19.8404	4.95225
19.8504	4.95304
19.8604	4.95382
19.8704	4.95458
19.8804	4.95533
19.8904	4.95607
19.9004	4.9568
19.9104	4.95751
19.9204	4.95821
19.9304	4.9589
19.9404	4.95958
19.9504	4.96025
19.9604	4.96091
19.9704	4.96155
19.9804	4.96219
19.9904	4.96281
20.0004	4.96343
20.0104	4.96403
20.0204	4.96463
20.0304	4.96521
20.0404	4.96579
20.0504	4.96635
20.0604	4.96691
20.0704	4.96746
20.0804	4.96799
20.0904	4.96852
20.1004	4.96904
20.1104	4.96955
20.1204	4.97006
20.1304	4.97055
20.1404	4.97104
20.1504	4.97152
20.1604	4.97199
20.1704	4.97245
20.1804	4.97291
20.1904	4.97336
20.2004	4.9738
20.2104	4.97423
20.2204	4.97465
20.2304	4.97507
20.2404	4.97549
20.2504	4.97589
20.2604	4.97629
20.2704	4.97668
20.2804	4.97707
20.2904	4.97745
20.3004	4.97782
20.3104	4.97819
20.3204	4.97855
20.3304	4.9789
20.3404	4.97925
20.3504	4.97959
20.3604	4.97993
20.3704	4.98026
20.3804	4.98059
20.3904	4.98091
20.4004	4.98122
20.4104	4.98153
20.4204	4.98184
20.4304	4.98214
20.4404	4.98243
20.4504	4.98273
20.4604	4.98301
20.4704	4.98329
20.4804	4.98357
20.4904	4.98384
20.5004	4.98411
20.5104	4.98437
20.5204	4.98463
20.5304	4.98488
20.5404	4.98513
20.5504	4.98538
20.5604	4.98562
20.5704	4.98586
20.5804	4.98609
20.5904	4.98632
20.6004	4.98655
20.6104	4.98677
20.6204	4.98699
20.6304	4.9872
20.6404	4.98741
20.6504	4.98762
20.6604	4.98783
20.6704	4.98803
20.6804	4.98823
20.6904	4.98842
20.7004	4.98861
20.7104	4.9888
20.7204	4.98899
20.7304	4.98917
20.7404	4.98935
20.7504	4.98952
20.7604	4.9897
20.7704	4.98987
20.7804	4.99003
20.7904	4.9902
20.8004	4.99036
20.8104	4.99052
20.8204	4.99068
20.8304	4.99083
20.8404	4.99098
20.8504	4.99113
20.8604	4.99128
20.8704	4.99142
20.8804	4.99156
20.8904	4.9917
20.9004	4.99184
20.9104	4.99197
20.9204	4.99211
20.9304	4.99224
20.9404	4.99237
20.9504	4.99249
20.9604	4.99262
20.9704	4.99274
20.9804	4.99286
20.9904	4.99298
21.0004	4.99309
21.0104	4.99321
21.0204	4.99332
21.0304	4.99343
21.0404	4.99354
21.0504	4.99364
21.0604	4.99364
21.0704	4.91111
21.0804	4.82993
21.0904	4.7501
21.1004	4.67159
21.1104	4.59437
21.1204	4.51844
21.1304	4.44375
21.1404	4.3703
21.1504	4.29807
21.1604	4.22703
21.1704	4.15716
21.1804	4.08845
21.1904	4.02087
21.2004	3.95442
21.2104	3.88905
21.2204	3.82477
21.2304	3.76156
21.2404	3.69938
21.2504	3.63824
21.2604	3.5781
21.2704	3.51896
21.2804	3.4608
21.2904	3.4036
21.3004	3.34734
21.3104	3.29201
21.3204	3.2376
21.3304	3.18409
21.3404	3.13146
21.3504	3.0797
21.3604	3.0288
21.3704	2.97874
21.3804	2.9295
21.3904	2.88108
21.4004	2.83346
21.4104	2.78663
21.4204	2.74057
21.4304	2.69527
21.4404	2.65072
21.4504	2.60691
21.4604	2.56382
21.4704	2.52145
21.4804	2.47977
21.4904	2.43878
21.5004	2.39847
21.5104	2.35883
21.5204	2.31984
21.5304	2.2815
21.5404	2.24379
21.5504	2.2067
21.5604	2.17023
21.5704	2.13436
21.5804	2.09908
21.5904	2.06439
21.6004	2.03027
21.6104	1.99671
21.6204	1.96371
21.6304	1.93125
21.6404	1.89933
21.6504	1.86793
21.6604	1.83706
21.6704	1.8067
21.6804	1.77683
21.6904	1.74747
21.7004	1.71858
21.7104	1.69018
21.7204	1.66224
21.7304	1.63477
21.7404	1.60775
21.7504	1.58117
21.7604	1.55504
21.7704	1.52934
21.7804	1.50406
21.7904	1.4792
21.8004	1.45475
21.8104	1.4307
21.8204	1.40706
21.8304	1.3838
21.8404	1.36093
21.8504	1.33843
21.8604	1.31631
21.8704	1.29455
21.8804	1.27316
21.8904	1.25211
21.9004	1.23142
21.9104	1.21107
21.9204	1.19105
21.9304	1.17136
21.9404	1.152
21.9504	1.13296
21.9604	1.11423
21.9704	1.09582
21.9804	1.0777
21.9904	1.05989
22.0004	1.04237
22.0104	1.02514
22.0204	1.0082
22.0304	0.991536
22.0404	0.975148
22.0504	0.95903
22.0604	0.943179
22.0704	0.927589
22.0804	0.912257
22.0904	0.897179
22.1004	0.88235
22.1104	0.867766
22.1204	0.853423
22.1304	0.839317
22.1404	0.825445
22.1504	0.811801
22.1604	0.798383
22.1704	0.785187
22.1804	0.772209
22.1904	0.759446
22.2004	0.746893
22.2104	0.734548
22.2204	0.722407
22.2304	0.710467
22.2404	0.698724
22.2504	0.687175
22.2604	0.675817
22.2704	0.664647
22.2804	0.653661
22.2904	0.642857
22.3004	0.632232
22.3104	0.621782
22.3204	0.611505
22.3304	0.601397
22.3404	0.591457
22.3504	0.581681
22.3604	0.572067
22.3704	0.562612
22.3804	0.553312
22.3904	0.544167
22.4004	0.535173
22.4104	0.526327
22.4204	0.517628
22.4304	0.509072
22.4404	0.500658
22.4504	0.492383
22.4604	0.484244
22.4704	0.47624
22.4804	0.468369
22.4904	0.460627
22.5004	0.453014
22.5104	0.445526
22.5204	0.438162
22.5304	0.43092
22.5404	0.423798
22.5504	0.416793
22.5604	0.409904
22.5704	0.403129
22.5804	0.396466
22.5904	0.389913
22.6004	0.383468
22.6104	0.37713
22.6204	0.370897
22.6304	0.364766
22.6404	0.358737
22.6504	0.352808
22.6604	0.346976
22.6704	0.341241
22.6804	0.335601
22.6904	0.330054
22.7004	0.324599
22.7104	0.319234
22.7204	0.313957
22.7304	0.308768
22.7404	0.303664
22.7504	0.298645
22.7604	0.293709
22.7704	0.288855
22.7804	0.28408
22.7904	0.279385
22.8004	0.274767
22.8104	0.270225
22.8204	0.265759
22.8304	0.261366
22.8404	0.257046
22.8504	0.252798
22.8604	0.248619
22.8704	0.24451
22.8804	0.240469
22.8904	0.236494
22.9004	0.232585
22.9104	0.228741
22.9204	0.22496
22.9304	0.221242
22.9404	0.217585
22.9504	0.213989
22.9604	0.210452
22.9704	0.206973
22.9804	0.203552
22.9904	0.200188
23.0004	0.196879
23.0104	0.193625
23.0204	0.190425
23.0304	0.187277
23.0404	0.184182
23.0504	0.181138
23.0604	0.178144
23.0704	0.175199
23.0804	0.172303
23.0904	0.169455
23.1004	0.166655
23.1104	0.1639
23.1204	0.161191
23.1304	0.158527
23.1404	0.155907
23.1504	0.15333
23.1604	0.150795
23.1704	0.148303
23.1804	0.145852
23.1904	0.143441
23.2004	0.14107
23.2104	0.138738
23.2204	0.136445
23.2304	0.13419
23.2404	0.131972
23.2504	0.129791
23.2604	0.127646
23.2704	0.125536
23.2804	0.123461
23.2904	0.12142
23.3004	0.119413
23.3104	0.11744
23.3204	0.115498
23.3304	0.113589
23.3404	0.111712
23.3504	0.109866
23.3604	0.10805
23.3704	0.106264
23.3804	0.104507
23.3904	0.10278
23.4004	0.101081
23.4104	0.0994105
23.4204	0.0977674
23.4304	0.0961514
23.4404	0.0945622
23.4504	0.0929992
23.4604	0.0914621
23.4704	0.0899503
23.4804	0.0884636
23.4904	0.0870014
23.5004	0.0855634
23.5104	0.0841491
23.5204	0.0827583
23.5304	0.0813904
23.5404	0.0800452
23.5504	0.0787221
23.5604	0.077421
23.5704	0.0761413
23.5804	0.0748828
23.5904	0.0736451
23.6004	0.0724279
23.6104	0.0712307
23.6204	0.0700534
23.6304	0.0688955
23.6404	0.0677568
23.6504	0.0666368
23.6604	0.0655354
23.6704	0.0644522
23.6804	0.0633869
23.6904	0.0623392
23.7004	0.0613089
23.7104	0.0602955
23.7204	0.0592989
23.7304	0.0583188
23.7404	0.0573549
23.7504	0.0564069
23.7604	0.0554746
23.7704	0.0545576
23.7804	0.0536559
23.7904	0.052769
23.8004	0.0518968
23.8104	0.0510391
23.8204	0.0501955
23.8305	0.0493658
23.8405	0.0485499
23.8505	0.0477474
23.8605	0.0469582
23.8705	0.0461821
23.8805	0.0454187
23.8905	0.044668
23.9005	0.0439297
23.9105	0.0432036
23.9205	0.0424896
23.9305	0.0417873
23.9405	0.0410966
23.9505	0.0404173
23.9605	0.0397493
23.9705	0.0390923
23.9805	0.0384461
23.9905	0.0378107
24.0005	0.0371857
24.0105	0.0365711
24.0205	0.0359666
24.0305	0.0353722
24.0405	0.0347875
24.0505	0.0342125
24.0605	0.033647
24.0705	0.0330909
24.0805	0.032544
24.0905	0.0320061
24.1005	0.031477
24.1105	0.0309568
24.1205	0.0304451
24.1305	0.0299419
24.1405	0.029447
24.1505	0.0289603
24.1605	0.0284816
24.1705	0.0280108
24.1805	0.0275479
24.1905	0.0270925
24.2005	0.0266447
24.2105	0.0262043
24.2205	0.0257712
24.2305	0.0253453
24.2405	0.0249263
24.2505	0.0245143
24.2605	0.0241092
24.2705	0.0237107
24.2805	0.0233188
24.2905	0.0229333
24.3005	0.0225543
24.3105	0.0221815
24.3205	0.0218149
24.3305	0.0214543
24.3405	0.0210997
24.3505	0.0207509
24.3605	0.020408
24.3705	0.0200707
24.3805	0.0197389
24.3905	0.0194127
24.4005	0.0190918
24.4105	0.0187762
24.4205	0.0184659
24.4305	0.0181607
24.4405	0.0178605
24.4505	0.0175653
24.4605	0.017275
24.4705	0.0169894
24.4805	0.0167086
24.4905	0.0164325
24.5005	0.0161609
24.5105	0.0158937
24.5205	0.015631
24.5305	0.0153727
24.5405	0.0151186
24.5505	0.0148687
24.5605	0.014623
24.5705	0.0143813
24.5805	0.0141436
24.5905	0.0139098
24.6005	0.0136799
24.6105	0.0134538
24.6205	0.0132314
24.6305	0.0130127
24.6405	0.0127976
24.6505	0.0125861
24.6605	0.0123781
24.6705	0.0121735
24.6805	0.0119723
24.6905	0.0117744
24.7005	0.0115798
24.7105	0.0113884
24.7205	0.0112001
24.7305	0.011015
24.7405	0.010833
24.7505	0.0106539
24.7605	0.0104778
24.7705	0.0103046
24.7805	0.0101343
24.7905	0.0099668
24.8005	0.00980206
24.8105	0.00964005
24.8205	0.00948071
24.8305	0.00932401
24.8405	0.0091699
24.8505	0.00901833
24.8605	0.00886928
24.8705	0.00872268
24.8805	0.00857851
24.8905	0.00843671
24.9005	0.00829727
24.9105	0.00816013
24.9205	0.00802525
24.9305	0.0078926
24.9405	0.00776215
24.9505	0.00763386
24.9605	0.00750768
24.9705	0.00738359
24.9805	0.00726155
24.9905	0.00714153
25.0005	0.00702349
25.0105	0.0069074
25.0205	0.00679323
25.0305	0.00668095
25.0405	0.00657052
25.0505	0.00646192
25.0605	0.00635512
25.0705	0.00635512
25.0805	0.00635512
25.0905	0.00635512
25.1005	0.00635512
25.1105	0.00635512
25.1205	0.00635512
25.1305	0.00635512
25.1405	0.00635512
25.1505	0.00635512
25.1605	0.00635512
25.1705	0.00635512
25.1805	0.00635512
25.1905	0.00635512
25.2005	0.00635512
25.2105	0.00635512
25.2205	0.00635512
25.2305	0.00635512
25.2405	0.00635512
25.2505	0.00635512
25.2605	0.00635512
25.2705	0.00635512
25.2805	0.00635512
25.2905	0.00635512
25.3005	0.00635512
25.3105	0.00635512
25.3205	0.00635512
25.3305	0.00635512
25.3405	0.00635512
25.3505	0.00635512
25.3605	0.00635512
25.3705	0.00635512
25.3805	0.00635512
25.3905	0.00635512
25.4005	0.00635512
25.4105	0.00635512
25.4205	0.00635512
25.4305	0.00635512
25.4405	0.00635512
25.4505	0.00635512
25.4605	0.00635512
25.4705	0.00635512
25.4805	0.00635512
25.4905	0.00635512
25.5005	0.00635512
25.5105	0.00635512
25.5205	0.00635512
25.5305	0.00635512
25.5405	0.00635512
25.5505	0.00635512
25.5605	0.00635512
25.5705	0.00635512
25.5805	0.00635512
25.5905	0.00635512
25.6005	0.00635512
25.6105	0.00635512
25.6205	0.00635512
25.6305	0.00635512
25.6405	0.00635512
25.6505	0.00635512
25.6605	0.00635512
25.6705	0.00635512
25.6805	0.00635512
25.6905	0.00635512
25.7005	0.00635512
25.7105	0.00635512
25.7205	0.00635512
25.7305	0.00635512
25.7405	0.00635512
25.7505	0.00635512
25.7605	0.00635512
25.7705	0.00635512
25.7805	0.00635512
25.7905	0.00635512
25.8005	0.00635512
25.8105	0.00635512
25.8205	0.00635512
25.8305	0.00635512
25.8405	0.00635512
25.8505	0.00635512
25.8605	0.00635512
25.8705	0.00635512
25.8805	0.00635512
25.8905	0.00635512
25.9005	0.00635512
25.9105	0.00635512
25.9205	0.00635512
25.9305	0.00635512
25.9405	0.00635512
25.9505	0.00635512
25.9605	0.00635512
25.9705	0.00635512
25.9805	0.00635512
25.9905	0.00635512
26.0005	0.00635512
26.0105	0.00635512
26.0205	0.00635512
26.0305	0.00635512
26.0405	0.00635512
26.0505	0.00635512
26.0605	0.00635512
26.0705	0.00635512
